0 0.6443548387096775 0.5693548387096774 0.03870967741935484 0.12338709677419354
0 0.5467741935483871 0.5685483870967742 0.03790322580645161 0.12419354838709677
0 0.5951612903225807 0.567741935483871 0.041935483870967745 0.12338709677419354
0 0.4959677419354839 0.5669354838709677 0.04032258064516129 0.12096774193548387
0 0.4459677419354839 0.5653225806451613 0.04112903225806452 0.12096774193548387
0 0.3951612903225806 0.5653225806451613 0.04112903225806452 0.12016129032258065
0 0.7451612903225806 0.5701612903225807 0.04032258064516129 0.125
0 0.792741935483871 0.5661290322580645 0.041935483870967745 0.12338709677419354
0 0.34596774193548385 0.43306451612903224 0.04435483870967742 0.11935483870967742
1 0.3975806451612903 0.4338709677419355 0.04032258064516129 0.11854838709677419
0 0.4475806451612903 0.43306451612903224 0.03870967741935484 0.12338709677419354
0 0.4967741935483871 0.4338709677419355 0.03951612903225806 0.12096774193548387
0 0.5459677419354839 0.4338709677419355 0.03951612903225806 0.12338709677419354
0 0.5959677419354839 0.4346774193548387 0.041935483870967745 0.11935483870967742
0 0.6451612903225806 0.43306451612903224 0.04032258064516129 0.12016129032258065
0 0.6943548387096774 0.43306451612903224 0.03870967741935484 0.12016129032258065
0 0.742741935483871 0.43548387096774194 0.03870967741935484 0.12096774193548387
0 0.792741935483871 0.4314516129032258 0.03951612903225806 0.12580645161290321
0 0.4064516129032258 0.8661290322580645 0.042741935483870966 0.125
0 0.4588709677419355 0.867741935483871 0.04032258064516129 0.12258064516129032
0 0.5080645161290323 0.8693548387096774 0.041935483870967745 0.12580645161290321
0 0.5564516129032258 0.8685483870967742 0.03870967741935484 0.125
0 0.6943548387096774 0.8701612903225806 0.04032258064516129 0.12661290322580646
0 0.7435483870967742 0.867741935483871 0.03870967741935484 0.125
0 0.7911290322580645 0.8685483870967742 0.03951612903225806 0.12258064516129032
0 0.8403225806451613 0.8701612903225806 0.04112903225806452 0.12661290322580646
0 0.8887096774193548 0.8709677419354839 0.041935483870967745 0.12419354838709677
0 0.4435483870967742 0.1282258064516129 0.04435483870967742 0.13064516129032258
0 0.49516129032258066 0.12903225806451613 0.04032258064516129 0.12903225806451613
0 0.5443548387096774 0.1282258064516129 0.042741935483870966 0.1282258064516129
0 0.5935483870967742 0.12903225806451613 0.04112903225806452 0.12661290322580646
0 0.6427419354838709 0.12903225806451613 0.04112903225806452 0.12903225806451613
1 0.9379032258064516 0.8709677419354839 0.04112903225806452 0.12419354838709677
0 0.692741935483871 0.5693548387096774 0.041935483870967745 0.12338709677419354